<?xml version="1.0" encoding="UTF-8" standalone="no"?>
<!DOCTYPE svg PUBLIC "-//W3C//DTD SVG 20010904//EN"
              "http://www.w3.org/TR/2001/REC-SVG-20010904/DTD/svg10.dtd">

<svg xmlns="http://www.w3.org/2000/svg"
     width="3in" height="1in"
     viewBox="0 0 900 300">
  <path id="Auswahl"
        fill="none" stroke="black" stroke-width="1"
        d="M 776.00,119.00
           C 776.00,119.00 783.00,119.00 783.00,119.00
             783.00,119.00 783.00,127.00 783.00,127.00
             783.00,127.00 776.00,127.00 776.00,127.00
             776.00,127.00 776.00,119.00 776.00,119.00 Z
           M 878.00,119.00
           C 878.00,119.00 885.00,119.00 885.00,119.00
             885.00,119.00 885.00,170.00 885.00,170.00
             885.00,170.00 878.00,170.00 878.00,170.00
             878.00,170.00 878.00,119.00 878.00,119.00 Z
           M 20.00,121.00
           C 20.00,121.00 52.00,121.00 52.00,121.00
             52.00,121.00 52.00,126.00 52.00,126.00
             52.00,126.00 28.00,126.00 28.00,126.00
             28.00,126.00 28.00,141.00 28.00,141.00
             28.00,141.00 51.00,141.00 51.00,141.00
             51.00,141.00 51.00,146.00 51.00,146.00
             51.00,146.00 28.00,146.00 28.00,146.00
             28.00,146.00 28.00,165.00 28.00,165.00
             28.00,165.00 53.00,165.00 53.00,165.00
             53.00,165.00 53.00,170.00 53.00,170.00
             53.00,170.00 20.00,170.00 20.00,170.00
             20.00,170.00 20.00,121.00 20.00,121.00 Z
           M 365.00,122.00
           C 365.00,122.00 384.00,121.00 384.00,121.00
             384.00,121.00 384.00,165.00 384.00,165.00
             384.00,165.00 395.00,165.00 395.00,165.00
             395.00,165.00 395.00,170.00 395.00,170.00
             395.00,170.00 366.00,170.00 366.00,170.00
             366.00,170.00 366.00,165.00 366.00,165.00
             366.00,165.00 377.00,165.00 377.00,165.00
             377.00,165.00 377.00,127.00 377.00,127.00
             377.00,127.00 365.00,128.00 365.00,128.00
             365.00,128.00 365.00,122.00 365.00,122.00 Z
           M 428.00,121.00
           C 428.00,121.00 436.00,121.00 436.00,121.00
             436.00,121.00 436.00,170.00 436.00,170.00
             436.00,170.00 428.00,170.00 428.00,170.00
             428.00,170.00 428.00,121.00 428.00,121.00 Z
           M 607.00,121.00
           C 607.00,121.00 650.00,121.00 650.00,121.00
             650.00,121.00 650.00,126.00 650.00,126.00
             650.00,126.00 632.00,126.00 632.00,126.00
             632.00,126.00 632.00,170.00 632.00,170.00
             632.00,170.00 625.00,170.00 625.00,170.00
             625.00,170.00 625.00,126.00 625.00,126.00
             625.00,126.00 607.00,126.00 607.00,126.00
             607.00,126.00 607.00,121.00 607.00,121.00 Z
           M 206.00,123.00
           C 206.00,123.00 213.00,123.00 213.00,123.00
             213.00,123.00 213.00,133.00 213.00,133.00
             213.00,133.00 225.00,133.00 225.00,133.00
             225.00,133.00 225.00,138.00 225.00,138.00
             225.00,138.00 213.00,138.00 213.00,138.00
             213.00,138.00 213.00,156.00 213.00,156.00
             213.04,158.19 212.96,160.72 214.60,162.42
             216.73,164.63 222.08,164.87 225.00,165.00
             225.00,165.00 225.00,170.00 225.00,170.00
             221.33,170.00 213.10,170.53 210.13,168.83
             206.16,166.54 206.05,162.04 206.00,158.00
             206.00,158.00 206.00,138.00 206.00,138.00
             206.00,138.00 201.00,138.00 201.00,138.00
             201.00,138.00 201.00,133.00 201.00,133.00
             201.00,133.00 206.00,133.00 206.00,133.00
             206.00,133.00 206.00,123.00 206.00,123.00 Z
           M 133.00,170.00
           C 128.70,170.57 127.53,170.94 123.00,171.00
             123.00,171.00 119.00,171.00 119.00,171.00
             114.89,170.99 111.69,171.22 108.00,168.99
             96.35,161.96 96.02,142.43 107.02,134.65
             110.86,131.93 114.49,131.89 119.00,132.02
             126.16,132.21 130.49,135.09 132.89,142.00
             134.20,145.76 134.00,149.11 134.00,153.00
             134.00,153.00 107.00,153.00 107.00,153.00
             107.22,154.94 107.25,156.17 108.17,158.00
             113.77,169.00 124.01,163.81 133.00,163.00
             133.00,163.00 133.00,170.00 133.00,170.00 Z
           M 150.00,136.00
           C 156.10,131.19 157.61,132.00 165.00,132.00
             165.00,132.00 165.00,138.00 165.00,138.00
             162.23,138.00 158.50,137.73 156.02,139.02
             147.41,143.50 150.00,161.55 150.00,170.00
             150.00,170.00 143.00,170.00 143.00,170.00
             143.00,170.00 143.00,133.00 143.00,133.00
             146.66,133.05 148.48,132.34 150.00,136.00 Z
           M 168.00,163.00
           C 173.00,163.45 180.31,166.22 184.98,164.40
             187.85,163.28 190.14,160.41 187.51,157.70
             184.20,154.28 174.87,155.18 170.56,149.79
             166.29,144.44 168.70,135.64 175.02,133.00
             179.75,131.03 189.93,132.09 195.00,133.00
             195.00,133.00 195.00,140.00 195.00,140.00
             190.51,139.20 184.50,136.86 180.02,138.60
             177.14,139.72 174.87,142.58 177.49,145.30
             180.80,148.73 190.31,148.36 194.57,153.22
             199.13,158.43 197.01,166.44 190.98,169.55
             187.38,171.41 182.03,171.04 178.00,171.00
             173.47,170.94 172.30,170.57 168.00,170.00
             168.00,170.00 168.00,163.00 168.00,163.00 Z
           M 240.00,132.65
           C 245.32,131.55 252.38,131.31 256.96,134.65
             265.68,141.00 266.27,159.31 258.79,166.79
             254.65,170.92 250.49,171.14 245.00,170.98
             226.43,170.47 226.58,146.36 232.65,138.04
             234.85,135.03 236.69,134.04 240.00,132.65 Z
           M 280.00,136.00
           C 286.10,131.19 287.61,132.00 295.00,132.00
             295.00,132.00 295.00,138.00 295.00,138.00
             292.23,138.00 288.50,137.73 286.02,139.02
             277.41,143.50 280.00,161.55 280.00,170.00
             280.00,170.00 273.00,170.00 273.00,170.00
             273.00,170.00 273.00,133.00 273.00,133.00
             276.66,133.05 278.48,132.34 280.00,136.00 Z
           M 306.00,136.00
           C 312.60,130.80 322.63,129.30 327.00,138.00
             331.38,134.98 333.39,132.36 339.00,132.04
             351.40,131.34 352.98,139.71 353.00,150.00
             353.00,150.00 353.00,170.00 353.00,170.00
             353.00,170.00 345.80,170.00 345.80,170.00
             345.80,170.00 345.80,145.00 345.80,145.00
             344.65,140.87 341.61,137.47 337.01,138.47
             326.43,140.78 329.00,161.82 329.00,170.00
             329.00,170.00 322.00,170.00 322.00,170.00
             322.00,170.00 322.00,149.00 322.00,149.00
             321.95,145.49 321.85,141.95 318.77,139.60
             314.39,136.25 309.29,139.85 307.17,144.00
             305.23,147.83 306.00,164.74 306.00,170.00
             306.00,170.00 299.00,170.00 299.00,170.00
             299.00,170.00 299.00,133.00 299.00,133.00
             302.66,133.05 304.48,132.34 306.00,136.00 Z
           M 455.00,136.00
           C 457.49,134.04 458.75,132.82 462.00,132.23
             474.52,129.96 478.94,136.44 479.00,148.00
             479.00,148.00 479.00,170.00 479.00,170.00
             479.00,170.00 472.00,170.00 472.00,170.00
             472.00,170.00 472.00,150.00 472.00,150.00
             471.95,146.33 471.75,142.25 468.61,139.74
             464.07,136.11 458.45,139.55 456.17,144.00
             454.23,147.83 455.00,164.74 455.00,170.00
             455.00,170.00 448.00,170.00 448.00,170.00
             448.00,170.00 448.00,133.00 448.00,133.00
             451.66,133.05 453.48,132.34 455.00,136.00 Z
           M 517.00,170.00
           C 510.87,171.10 500.53,172.22 495.09,168.77
             484.79,162.25 484.41,142.10 494.18,134.97
             500.11,130.65 510.16,131.77 517.00,133.00
             517.00,133.00 517.00,139.80 517.00,139.80
             511.78,139.07 506.00,136.35 501.02,139.80
             491.90,145.54 493.25,160.81 503.00,164.40
             507.35,166.00 512.64,163.78 517.00,163.00
             517.00,163.00 517.00,170.00 517.00,170.00 Z
           M 675.00,170.00
           C 670.70,170.57 669.53,170.94 665.00,171.00
             665.00,171.00 661.00,171.00 661.00,171.00
             656.89,170.99 653.69,171.22 650.00,168.99
             638.35,161.96 638.02,142.43 649.02,134.65
             652.86,131.93 656.49,131.89 661.00,132.02
             668.16,132.21 672.49,135.09 674.89,142.00
             676.20,145.76 676.00,149.11 676.00,153.00
             676.00,153.00 649.00,153.00 649.00,153.00
             649.22,154.94 649.25,156.17 650.17,158.00
             655.77,169.00 666.01,163.81 675.00,163.00
             675.00,163.00 675.00,170.00 675.00,170.00 Z
           M 692.00,136.00
           C 698.10,131.19 699.61,132.00 707.00,132.00
             707.00,132.00 707.00,138.00 707.00,138.00
             704.23,138.00 700.50,137.73 698.02,139.02
             689.41,143.50 692.00,161.55 692.00,170.00
             692.00,170.00 685.00,170.00 685.00,170.00
             685.00,170.00 685.00,133.00 685.00,133.00
             688.66,133.05 690.48,132.34 692.00,136.00 Z
           M 718.00,136.00
           C 724.60,130.80 734.63,129.30 739.00,138.00
             743.38,134.98 745.39,132.36 751.00,132.04
             763.40,131.34 764.98,139.71 765.00,150.00
             765.00,150.00 765.00,170.00 765.00,170.00
             765.00,170.00 757.80,170.00 757.80,170.00
             757.80,170.00 757.80,145.00 757.80,145.00
             756.65,140.87 753.61,137.47 749.01,138.47
             738.43,140.78 741.00,161.82 741.00,170.00
             741.00,170.00 734.00,170.00 734.00,170.00
             734.00,170.00 734.00,149.00 734.00,149.00
             733.95,145.49 733.85,141.95 730.77,139.60
             726.39,136.25 721.29,139.85 719.17,144.00
             717.23,147.83 718.00,164.74 718.00,170.00
             718.00,170.00 711.00,170.00 711.00,170.00
             711.00,170.00 711.00,133.00 711.00,133.00
             714.66,133.05 716.48,132.34 718.00,136.00 Z
           M 802.00,136.00
           C 804.49,134.04 805.75,132.82 809.00,132.23
             821.52,129.96 825.94,136.44 826.00,148.00
             826.00,148.00 826.00,170.00 826.00,170.00
             826.00,170.00 819.00,170.00 819.00,170.00
             819.00,170.00 819.00,150.00 819.00,150.00
             818.95,146.33 818.75,142.25 815.61,139.74
             811.07,136.11 805.45,139.55 803.17,144.00
             801.23,147.83 802.00,164.74 802.00,170.00
             802.00,170.00 795.00,170.00 795.00,170.00
             795.00,170.00 795.00,133.00 795.00,133.00
             798.66,133.05 800.48,132.34 802.00,136.00 Z
           M 837.00,133.23
           C 842.83,132.23 853.71,130.74 858.98,133.23
             862.07,135.04 864.31,137.69 865.35,141.00
             866.50,144.66 866.00,164.72 866.00,170.00
             862.34,169.95 860.52,170.66 859.00,167.00
             857.29,168.35 856.11,169.46 854.00,170.26
             850.52,171.58 842.20,171.41 839.11,169.26
             832.77,164.85 833.77,152.99 840.04,149.01
             844.55,146.14 853.60,147.00 859.00,147.00
             856.90,134.07 845.55,138.69 837.00,140.00
             837.00,140.00 837.00,133.23 837.00,133.23 Z
           M 58.00,133.00
           C 59.98,133.03 62.82,132.85 64.49,134.02
             66.35,135.33 67.76,139.83 68.58,142.00
             70.78,147.88 72.73,156.52 77.00,161.00
             77.00,161.00 86.00,133.00 86.00,133.00
             86.00,133.00 94.00,133.00 94.00,133.00
             94.00,133.00 81.00,170.00 81.00,170.00
             81.00,170.00 71.65,169.01 71.65,169.01
             71.65,169.01 66.81,159.00 66.81,159.00
             66.81,159.00 58.00,133.00 58.00,133.00 Z
           M 776.00,133.00
           C 776.00,133.00 783.00,133.00 783.00,133.00
             783.00,133.00 783.00,170.00 783.00,170.00
             783.00,170.00 776.00,170.00 776.00,170.00
             776.00,170.00 776.00,133.00 776.00,133.00 Z
           M 127.00,148.00
           C 125.44,134.56 109.31,134.17 107.00,148.00
             107.00,148.00 127.00,148.00 127.00,148.00 Z
           M 244.02,138.43
           C 233.36,142.83 234.85,163.21 245.00,164.76
             254.52,166.21 256.18,157.17 255.98,150.00
             255.76,142.01 252.47,137.35 244.02,138.43 Z
           M 669.00,148.00
           C 667.44,134.56 651.31,134.17 649.00,148.00
             649.00,148.00 669.00,148.00 669.00,148.00 Z
           M 566.00,149.00
           C 566.00,149.00 584.00,149.00 584.00,149.00
             584.00,149.00 584.00,154.00 584.00,154.00
             584.00,154.00 566.00,154.00 566.00,154.00
             566.00,154.00 566.00,149.00 566.00,149.00 Z
           M 859.00,152.00
           C 859.00,152.00 851.00,152.85 851.00,152.85
             849.46,153.04 847.49,153.13 846.06,153.74
             841.37,155.72 841.47,160.99 843.74,163.26
             846.41,165.94 855.47,166.07 858.26,158.98
             859.08,156.92 858.98,154.20 859.00,152.00 Z
           M 528.00,162.00
           C 528.00,162.00 536.00,162.00 536.00,162.00
             536.00,162.00 536.00,170.00 536.00,170.00
             536.00,170.00 528.00,170.00 528.00,170.00
             528.00,170.00 528.00,162.00 528.00,162.00 Z
           M 409.50,225.50" />
</svg>
